% # columns="iteration, evaluation, sigma, beta, void,  sigvec==sigma_vec.scaling factors from diagonal decoding", seed=745296, Wed Aug 14 17:25:32 2024, <python>{}</python>
704 7744 0.008835459049622388 1 0 0.1442023216686198 0.003242714587753408 18.12192968569898 0.021823754482000923 1.155466587461273 0.012433866303566448 4.787145911582592 4.781058746976156 4.593870247390419 18.00125678604032 14.031281563412682 32.708603777919535
705 7755 0.008094113245199484 1 0 0.1442023216686198 0.003242714587753408 18.12192968569898 0.021823754482000923 1.155466587461273 0.012433866303566448 4.787145911582592 4.781058746976156 4.593870247390419 18.00125678604032 14.031281563412682 32.708603777919535
706 7766 0.008281841892049719 1 0 0.1442023216686198 0.003242714587753408 18.12192968569898 0.021823754482000923 1.155466587461273 0.012433866303566448 4.787145911582592 4.781058746976156 4.593870247390419 18.00125678604032 14.031281563412682 32.708603777919535
707 7777 0.008910139100494362 1 0 0.1442023216686198 0.003242714587753408 18.12192968569898 0.021823754482000923 1.155466587461273 0.012433866303566448 4.787145911582592 4.781058746976156 4.593870247390419 18.00125678604032 14.031281563412682 32.708603777919535
708 7788 0.010346066033535668 1 0 0.1442023216686198 0.003242714587753408 18.12192968569898 0.021823754482000923 1.155466587461273 0.012433866303566448 4.787145911582592 4.781058746976156 4.593870247390419 18.00125678604032 14.031281563412682 32.708603777919535
709 7799 0.010800063162726076 1 0 0.1442023216686198 0.003242714587753408 18.12192968569898 0.021823754482000923 1.155466587461273 0.012433866303566448 4.787145911582592 4.781058746976156 4.593870247390419 18.00125678604032 14.031281563412682 32.708603777919535
710 7810 0.011434520993760399 1 0 0.1442023216686198 0.003242714587753408 18.12192968569898 0.021823754482000923 1.155466587461273 0.012433866303566448 4.787145911582592 4.781058746976156 4.593870247390419 18.00125678604032 14.031281563412682 32.708603777919535
711 7821 0.011003406842728082 1 0 0.1442023216686198 0.003242714587753408 18.12192968569898 0.021823754482000923 1.155466587461273 0.012433866303566448 4.787145911582592 4.781058746976156 4.593870247390419 18.00125678604032 14.031281563412682 32.708603777919535
712 7832 0.01077852561967766 1 0 0.1442023216686198 0.003242714587753408 18.12192968569898 0.021823754482000923 1.155466587461273 0.012433866303566448 4.787145911582592 4.781058746976156 4.593870247390419 18.00125678604032 14.031281563412682 32.708603777919535
713 7843 0.010587464539397287 1 0 0.1442023216686198 0.003242714587753408 18.12192968569898 0.021823754482000923 1.155466587461273 0.012433866303566448 4.787145911582592 4.781058746976156 4.593870247390419 18.00125678604032 14.031281563412682 32.708603777919535
714 7854 0.00950537048988734 1 0 0.1442023216686198 0.003242714587753408 18.12192968569898 0.021823754482000923 1.155466587461273 0.012433866303566448 4.787145911582592 4.781058746976156 4.593870247390419 18.00125678604032 14.031281563412682 32.708603777919535
715 7865 0.008381699898243026 1 0 0.1442023216686198 0.003242714587753408 18.12192968569898 0.021823754482000923 1.155466587461273 0.012433866303566448 4.787145911582592 4.781058746976156 4.593870247390419 18.00125678604032 14.031281563412682 32.708603777919535
716 7876 0.007815448468683109 1 0 0.1442023216686198 0.003242714587753408 18.12192968569898 0.021823754482000923 1.155466587461273 0.012433866303566448 4.787145911582592 4.781058746976156 4.593870247390419 18.00125678604032 14.031281563412682 32.708603777919535
717 7887 0.00735146750179065 1 0 0.1442023216686198 0.003242714587753408 18.12192968569898 0.021823754482000923 1.155466587461273 0.012433866303566448 4.787145911582592 4.781058746976156 4.593870247390419 18.00125678604032 14.031281563412682 32.708603777919535
718 7898 0.007346352649441866 1 0 0.1442023216686198 0.003242714587753408 18.12192968569898 0.021823754482000923 1.155466587461273 0.012433866303566448 4.787145911582592 4.781058746976156 4.593870247390419 18.00125678604032 14.031281563412682 32.708603777919535
719 7909 0.007334802815122629 1 0 0.1442023216686198 0.003242714587753408 18.12192968569898 0.021823754482000923 1.155466587461273 0.012433866303566448 4.787145911582592 4.781058746976156 4.593870247390419 18.00125678604032 14.031281563412682 32.708603777919535
720 7920 0.006881959471432188 1 0 0.1442023216686198 0.003242714587753408 18.12192968569898 0.021823754482000923 1.155466587461273 0.012433866303566448 4.787145911582592 4.781058746976156 4.593870247390419 18.00125678604032 14.031281563412682 32.708603777919535
721 7931 0.006796095635351068 1 0 0.1442023216686198 0.003242714587753408 18.12192968569898 0.021823754482000923 1.155466587461273 0.012433866303566448 4.787145911582592 4.781058746976156 4.593870247390419 18.00125678604032 14.031281563412682 32.708603777919535
722 7942 0.0069244793978817205 1 0 0.1442023216686198 0.003242714587753408 18.12192968569898 0.021823754482000923 1.155466587461273 0.012433866303566448 4.787145911582592 4.781058746976156 4.593870247390419 18.00125678604032 14.031281563412682 32.708603777919535
723 7953 0.007193353438343077 1 0 0.1442023216686198 0.003242714587753408 18.12192968569898 0.021823754482000923 1.155466587461273 0.012433866303566448 4.787145911582592 4.781058746976156 4.593870247390419 18.00125678604032 14.031281563412682 32.708603777919535
724 7964 0.0067809931490855685 1 0 0.1442023216686198 0.003242714587753408 18.12192968569898 0.021823754482000923 1.155466587461273 0.012433866303566448 4.787145911582592 4.781058746976156 4.593870247390419 18.00125678604032 14.031281563412682 32.708603777919535
725 7975 0.0064557138712771555 1 0 0.1442023216686198 0.003242714587753408 18.12192968569898 0.021823754482000923 1.155466587461273 0.012433866303566448 4.787145911582592 4.781058746976156 4.593870247390419 18.00125678604032 14.031281563412682 32.708603777919535
726 7986 0.006631248682147796 1 0 0.1442023216686198 0.003242714587753408 18.12192968569898 0.021823754482000923 1.155466587461273 0.012433866303566448 4.787145911582592 4.781058746976156 4.593870247390419 18.00125678604032 14.031281563412682 32.708603777919535
727 7997 0.006857971152216722 1 0 0.1442023216686198 0.003242714587753408 18.12192968569898 0.021823754482000923 1.155466587461273 0.012433866303566448 4.787145911582592 4.781058746976156 4.593870247390419 18.00125678604032 14.031281563412682 32.708603777919535
728 8008 0.006546186919033204 1 0 0.1442023216686198 0.003242714587753408 18.12192968569898 0.021823754482000923 1.155466587461273 0.012433866303566448 4.787145911582592 4.781058746976156 4.593870247390419 18.00125678604032 14.031281563412682 32.708603777919535
729 8019 0.006052727521314874 1 0 0.1442023216686198 0.003242714587753408 18.12192968569898 0.021823754482000923 1.155466587461273 0.012433866303566448 4.787145911582592 4.781058746976156 4.593870247390419 18.00125678604032 14.031281563412682 32.708603777919535
730 8030 0.005564596183379242 1 0 0.1442023216686198 0.003242714587753408 18.12192968569898 0.021823754482000923 1.155466587461273 0.012433866303566448 4.787145911582592 4.781058746976156 4.593870247390419 18.00125678604032 14.031281563412682 32.708603777919535
731 8041 0.005652686226387173 1 0 0.1442023216686198 0.003242714587753408 18.12192968569898 0.021823754482000923 1.155466587461273 0.012433866303566448 4.787145911582592 4.781058746976156 4.593870247390419 18.00125678604032 14.031281563412682 32.708603777919535
732 8052 0.006073749231549522 1 0 0.1442023216686198 0.003242714587753408 18.12192968569898 0.021823754482000923 1.155466587461273 0.012433866303566448 4.787145911582592 4.781058746976156 4.593870247390419 18.00125678604032 14.031281563412682 32.708603777919535
733 8063 0.00606350994390727 1 0 0.1442023216686198 0.003242714587753408 18.12192968569898 0.021823754482000923 1.155466587461273 0.012433866303566448 4.787145911582592 4.781058746976156 4.593870247390419 18.00125678604032 14.031281563412682 32.708603777919535
734 8074 0.005800469662840322 1 0 0.1442023216686198 0.003242714587753408 18.12192968569898 0.021823754482000923 1.155466587461273 0.012433866303566448 4.787145911582592 4.781058746976156 4.593870247390419 18.00125678604032 14.031281563412682 32.708603777919535
735 8085 0.005855065062311166 1 0 0.1442023216686198 0.003242714587753408 18.12192968569898 0.021823754482000923 1.155466587461273 0.012433866303566448 4.787145911582592 4.781058746976156 4.593870247390419 18.00125678604032 14.031281563412682 32.708603777919535
736 8096 0.006084943200139906 1 0 0.1442023216686198 0.003242714587753408 18.12192968569898 0.021823754482000923 1.155466587461273 0.012433866303566448 4.787145911582592 4.781058746976156 4.593870247390419 18.00125678604032 14.031281563412682 32.708603777919535
737 8107 0.006003311221888306 1 0 0.1442023216686198 0.003242714587753408 18.12192968569898 0.021823754482000923 1.155466587461273 0.012433866303566448 4.787145911582592 4.781058746976156 4.593870247390419 18.00125678604032 14.031281563412682 32.708603777919535
738 8118 0.005806539999546657 1 0 0.1442023216686198 0.003242714587753408 18.12192968569898 0.021823754482000923 1.155466587461273 0.012433866303566448 4.787145911582592 4.781058746976156 4.593870247390419 18.00125678604032 14.031281563412682 32.708603777919535
739 8129 0.005473262411829247 1 0 0.1442023216686198 0.003242714587753408 18.12192968569898 0.021823754482000923 1.155466587461273 0.012433866303566448 4.787145911582592 4.781058746976156 4.593870247390419 18.00125678604032 14.031281563412682 32.708603777919535
740 8140 0.005410242060786895 1 0 0.1442023216686198 0.003242714587753408 18.12192968569898 0.021823754482000923 1.155466587461273 0.012433866303566448 4.787145911582592 4.781058746976156 4.593870247390419 18.00125678604032 14.031281563412682 32.708603777919535
741 8151 0.004851975859242035 1 0 0.1442023216686198 0.003242714587753408 18.12192968569898 0.021823754482000923 1.155466587461273 0.012433866303566448 4.787145911582592 4.781058746976156 4.593870247390419 18.00125678604032 14.031281563412682 32.708603777919535
742 8162 0.00459933906750743 1 0 0.1442023216686198 0.003242714587753408 18.12192968569898 0.021823754482000923 1.155466587461273 0.012433866303566448 4.787145911582592 4.781058746976156 4.593870247390419 18.00125678604032 14.031281563412682 32.708603777919535
743 8173 0.004309846631071545 1 0 0.1442023216686198 0.003242714587753408 18.12192968569898 0.021823754482000923 1.155466587461273 0.012433866303566448 4.787145911582592 4.781058746976156 4.593870247390419 18.00125678604032 14.031281563412682 32.708603777919535
744 8184 0.004111712757562257 1 0 0.1442023216686198 0.003242714587753408 18.12192968569898 0.021823754482000923 1.155466587461273 0.012433866303566448 4.787145911582592 4.781058746976156 4.593870247390419 18.00125678604032 14.031281563412682 32.708603777919535
745 8195 0.004169651716702968 1 0 0.1442023216686198 0.003242714587753408 18.12192968569898 0.021823754482000923 1.155466587461273 0.012433866303566448 4.787145911582592 4.781058746976156 4.593870247390419 18.00125678604032 14.031281563412682 32.708603777919535
746 8206 0.004536503723347363 1 0 0.1442023216686198 0.003242714587753408 18.12192968569898 0.021823754482000923 1.155466587461273 0.012433866303566448 4.787145911582592 4.781058746976156 4.593870247390419 18.00125678604032 14.031281563412682 32.708603777919535
747 8217 0.004476820455536431 1 0 0.1442023216686198 0.003242714587753408 18.12192968569898 0.021823754482000923 1.155466587461273 0.012433866303566448 4.787145911582592 4.781058746976156 4.593870247390419 18.00125678604032 14.031281563412682 32.708603777919535
748 8228 0.004260382751682007 1 0 0.1442023216686198 0.003242714587753408 18.12192968569898 0.021823754482000923 1.155466587461273 0.012433866303566448 4.787145911582592 4.781058746976156 4.593870247390419 18.00125678604032 14.031281563412682 32.708603777919535
749 8239 0.003937738974452629 1 0 0.1442023216686198 0.003242714587753408 18.12192968569898 0.021823754482000923 1.155466587461273 0.012433866303566448 4.787145911582592 4.781058746976156 4.593870247390419 18.00125678604032 14.031281563412682 32.708603777919535
750 8250 0.0034395068015694486 1 0 0.1442023216686198 0.003242714587753408 18.12192968569898 0.021823754482000923 1.155466587461273 0.012433866303566448 4.787145911582592 4.781058746976156 4.593870247390419 18.00125678604032 14.031281563412682 32.708603777919535
751 8261 0.003246710228440694 1 0 0.1442023216686198 0.003242714587753408 18.12192968569898 0.021823754482000923 1.155466587461273 0.012433866303566448 4.787145911582592 4.781058746976156 4.593870247390419 18.00125678604032 14.031281563412682 32.708603777919535
752 8272 0.0031414357595905573 1 0 0.1442023216686198 0.003242714587753408 18.12192968569898 0.021823754482000923 1.155466587461273 0.012433866303566448 4.787145911582592 4.781058746976156 4.593870247390419 18.00125678604032 14.031281563412682 32.708603777919535
753 8283 0.003197504168032301 1 0 0.1442023216686198 0.003242714587753408 18.12192968569898 0.021823754482000923 1.155466587461273 0.012433866303566448 4.787145911582592 4.781058746976156 4.593870247390419 18.00125678604032 14.031281563412682 32.708603777919535
754 8294 0.003186314219476804 1 0 0.1442023216686198 0.003242714587753408 18.12192968569898 0.021823754482000923 1.155466587461273 0.012433866303566448 4.787145911582592 4.781058746976156 4.593870247390419 18.00125678604032 14.031281563412682 32.708603777919535
755 8305 0.0030025459208055387 1 0 0.1442023216686198 0.003242714587753408 18.12192968569898 0.021823754482000923 1.155466587461273 0.012433866303566448 4.787145911582592 4.781058746976156 4.593870247390419 18.00125678604032 14.031281563412682 32.708603777919535
756 8316 0.0030287027211831513 1 0 0.1442023216686198 0.003242714587753408 18.12192968569898 0.021823754482000923 1.155466587461273 0.012433866303566448 4.787145911582592 4.781058746976156 4.593870247390419 18.00125678604032 14.031281563412682 32.708603777919535
757 8327 0.002992385698647651 1 0 0.1442023216686198 0.003242714587753408 18.12192968569898 0.021823754482000923 1.155466587461273 0.012433866303566448 4.787145911582592 4.781058746976156 4.593870247390419 18.00125678604032 14.031281563412682 32.708603777919535
758 8338 0.003061725793043053 1 0 0.1442023216686198 0.003242714587753408 18.12192968569898 0.021823754482000923 1.155466587461273 0.012433866303566448 4.787145911582592 4.781058746976156 4.593870247390419 18.00125678604032 14.031281563412682 32.708603777919535
759 8349 0.003180867042706294 1 0 0.1442023216686198 0.003242714587753408 18.12192968569898 0.021823754482000923 1.155466587461273 0.012433866303566448 4.787145911582592 4.781058746976156 4.593870247390419 18.00125678604032 14.031281563412682 32.708603777919535
760 8360 0.003334742821838855 1 0 0.1442023216686198 0.003242714587753408 18.12192968569898 0.021823754482000923 1.155466587461273 0.012433866303566448 4.787145911582592 4.781058746976156 4.593870247390419 18.00125678604032 14.031281563412682 32.708603777919535
761 8371 0.003514719037317093 1 0 0.1442023216686198 0.003242714587753408 18.12192968569898 0.021823754482000923 1.155466587461273 0.012433866303566448 4.787145911582592 4.781058746976156 4.593870247390419 18.00125678604032 14.031281563412682 32.708603777919535
762 8382 0.003870872805526439 1 0 0.1442023216686198 0.003242714587753408 18.12192968569898 0.021823754482000923 1.155466587461273 0.012433866303566448 4.787145911582592 4.781058746976156 4.593870247390419 18.00125678604032 14.031281563412682 32.708603777919535
763 8393 0.00355028435745163 1 0 0.1442023216686198 0.003242714587753408 18.12192968569898 0.021823754482000923 1.155466587461273 0.012433866303566448 4.787145911582592 4.781058746976156 4.593870247390419 18.00125678604032 14.031281563412682 32.708603777919535
764 8404 0.0034392792166882376 1 0 0.1442023216686198 0.003242714587753408 18.12192968569898 0.021823754482000923 1.155466587461273 0.012433866303566448 4.787145911582592 4.781058746976156 4.593870247390419 18.00125678604032 14.031281563412682 32.708603777919535
765 8415 0.003470146856411381 1 0 0.1442023216686198 0.003242714587753408 18.12192968569898 0.021823754482000923 1.155466587461273 0.012433866303566448 4.787145911582592 4.781058746976156 4.593870247390419 18.00125678604032 14.031281563412682 32.708603777919535
766 8426 0.0035119052439505504 1 0 0.1442023216686198 0.003242714587753408 18.12192968569898 0.021823754482000923 1.155466587461273 0.012433866303566448 4.787145911582592 4.781058746976156 4.593870247390419 18.00125678604032 14.031281563412682 32.708603777919535
767 8437 0.0034846538500951847 1 0 0.1442023216686198 0.003242714587753408 18.12192968569898 0.021823754482000923 1.155466587461273 0.012433866303566448 4.787145911582592 4.781058746976156 4.593870247390419 18.00125678604032 14.031281563412682 32.708603777919535
768 8448 0.003344003531984379 1 0 0.1442023216686198 0.003242714587753408 18.12192968569898 0.021823754482000923 1.155466587461273 0.012433866303566448 4.787145911582592 4.781058746976156 4.593870247390419 18.00125678604032 14.031281563412682 32.708603777919535
769 8459 0.0032336367695550905 1 0 0.1442023216686198 0.003242714587753408 18.12192968569898 0.021823754482000923 1.155466587461273 0.012433866303566448 4.787145911582592 4.781058746976156 4.593870247390419 18.00125678604032 14.031281563412682 32.708603777919535
770 8470 0.002920912383499612 1 0 0.1442023216686198 0.003242714587753408 18.12192968569898 0.021823754482000923 1.155466587461273 0.012433866303566448 4.787145911582592 4.781058746976156 4.593870247390419 18.00125678604032 14.031281563412682 32.708603777919535
771 8481 0.0026832049802634397 1 0 0.1442023216686198 0.003242714587753408 18.12192968569898 0.021823754482000923 1.155466587461273 0.012433866303566448 4.787145911582592 4.781058746976156 4.593870247390419 18.00125678604032 14.031281563412682 32.708603777919535
772 8492 0.0028481756901458932 1 0 0.1442023216686198 0.003242714587753408 18.12192968569898 0.021823754482000923 1.155466587461273 0.012433866303566448 4.787145911582592 4.781058746976156 4.593870247390419 18.00125678604032 14.031281563412682 32.708603777919535
773 8503 0.00289869779430068 1 0 0.1442023216686198 0.003242714587753408 18.12192968569898 0.021823754482000923 1.155466587461273 0.012433866303566448 4.787145911582592 4.781058746976156 4.593870247390419 18.00125678604032 14.031281563412682 32.708603777919535
774 8514 0.002830121296677861 1 0 0.1442023216686198 0.003242714587753408 18.12192968569898 0.021823754482000923 1.155466587461273 0.012433866303566448 4.787145911582592 4.781058746976156 4.593870247390419 18.00125678604032 14.031281563412682 32.708603777919535
775 8525 0.002585315569107671 1 0 0.1442023216686198 0.003242714587753408 18.12192968569898 0.021823754482000923 1.155466587461273 0.012433866303566448 4.787145911582592 4.781058746976156 4.593870247390419 18.00125678604032 14.031281563412682 32.708603777919535
776 8536 0.0024100312425600267 1 0 0.1442023216686198 0.003242714587753408 18.12192968569898 0.021823754482000923 1.155466587461273 0.012433866303566448 4.787145911582592 4.781058746976156 4.593870247390419 18.00125678604032 14.031281563412682 32.708603777919535
777 8547 0.0022077323511543166 1 0 0.1442023216686198 0.003242714587753408 18.12192968569898 0.021823754482000923 1.155466587461273 0.012433866303566448 4.787145911582592 4.781058746976156 4.593870247390419 18.00125678604032 14.031281563412682 32.708603777919535
778 8558 0.002163611783842558 1 0 0.1442023216686198 0.003242714587753408 18.12192968569898 0.021823754482000923 1.155466587461273 0.012433866303566448 4.787145911582592 4.781058746976156 4.593870247390419 18.00125678604032 14.031281563412682 32.708603777919535
779 8569 0.0019659588840209605 1 0 0.1442023216686198 0.003242714587753408 18.12192968569898 0.021823754482000923 1.155466587461273 0.012433866303566448 4.787145911582592 4.781058746976156 4.593870247390419 18.00125678604032 14.031281563412682 32.708603777919535
780 8580 0.0019003835274978092 1 0 0.1442023216686198 0.003242714587753408 18.12192968569898 0.021823754482000923 1.155466587461273 0.012433866303566448 4.787145911582592 4.781058746976156 4.593870247390419 18.00125678604032 14.031281563412682 32.708603777919535
781 8591 0.0018308442851579375 1 0 0.1442023216686198 0.003242714587753408 18.12192968569898 0.021823754482000923 1.155466587461273 0.012433866303566448 4.787145911582592 4.781058746976156 4.593870247390419 18.00125678604032 14.031281563412682 32.708603777919535
782 8602 0.0017710055055246037 1 0 0.1442023216686198 0.003242714587753408 18.12192968569898 0.021823754482000923 1.155466587461273 0.012433866303566448 4.787145911582592 4.781058746976156 4.593870247390419 18.00125678604032 14.031281563412682 32.708603777919535
783 8613 0.0017588555084921671 1 0 0.1442023216686198 0.003242714587753408 18.12192968569898 0.021823754482000923 1.155466587461273 0.012433866303566448 4.787145911582592 4.781058746976156 4.593870247390419 18.00125678604032 14.031281563412682 32.708603777919535
784 8624 0.001819707328835055 1 0 0.1442023216686198 0.003242714587753408 18.12192968569898 0.021823754482000923 1.155466587461273 0.012433866303566448 4.787145911582592 4.781058746976156 4.593870247390419 18.00125678604032 14.031281563412682 32.708603777919535
785 8635 0.0017952718424457388 1 0 0.1442023216686198 0.003242714587753408 18.12192968569898 0.021823754482000923 1.155466587461273 0.012433866303566448 4.787145911582592 4.781058746976156 4.593870247390419 18.00125678604032 14.031281563412682 32.708603777919535
786 8646 0.0017886276358423845 1 0 0.1442023216686198 0.003242714587753408 18.12192968569898 0.021823754482000923 1.155466587461273 0.012433866303566448 4.787145911582592 4.781058746976156 4.593870247390419 18.00125678604032 14.031281563412682 32.708603777919535
787 8657 0.0017908910758595146 1 0 0.1442023216686198 0.003242714587753408 18.12192968569898 0.021823754482000923 1.155466587461273 0.012433866303566448 4.787145911582592 4.781058746976156 4.593870247390419 18.00125678604032 14.031281563412682 32.708603777919535
788 8668 0.0018598228458024323 1 0 0.1442023216686198 0.003242714587753408 18.12192968569898 0.021823754482000923 1.155466587461273 0.012433866303566448 4.787145911582592 4.781058746976156 4.593870247390419 18.00125678604032 14.031281563412682 32.708603777919535
789 8679 0.0019226048711350567 1 0 0.1442023216686198 0.003242714587753408 18.12192968569898 0.021823754482000923 1.155466587461273 0.012433866303566448 4.787145911582592 4.781058746976156 4.593870247390419 18.00125678604032 14.031281563412682 32.708603777919535
790 8690 0.0020283250831065877 1 0 0.1442023216686198 0.003242714587753408 18.12192968569898 0.021823754482000923 1.155466587461273 0.012433866303566448 4.787145911582592 4.781058746976156 4.593870247390419 18.00125678604032 14.031281563412682 32.708603777919535
791 8701 0.002210496288560643 1 0 0.1442023216686198 0.003242714587753408 18.12192968569898 0.021823754482000923 1.155466587461273 0.012433866303566448 4.787145911582592 4.781058746976156 4.593870247390419 18.00125678604032 14.031281563412682 32.708603777919535
792 8712 0.002278754505455419 1 0 0.1442023216686198 0.003242714587753408 18.12192968569898 0.021823754482000923 1.155466587461273 0.012433866303566448 4.787145911582592 4.781058746976156 4.593870247390419 18.00125678604032 14.031281563412682 32.708603777919535
793 8723 0.002219827490445349 1 0 0.1442023216686198 0.003242714587753408 18.12192968569898 0.021823754482000923 1.155466587461273 0.012433866303566448 4.787145911582592 4.781058746976156 4.593870247390419 18.00125678604032 14.031281563412682 32.708603777919535
794 8734 0.0021351855305418947 1 0 0.1442023216686198 0.003242714587753408 18.12192968569898 0.021823754482000923 1.155466587461273 0.012433866303566448 4.787145911582592 4.781058746976156 4.593870247390419 18.00125678604032 14.031281563412682 32.708603777919535
795 8745 0.0020302951920346283 1 0 0.1442023216686198 0.003242714587753408 18.12192968569898 0.021823754482000923 1.155466587461273 0.012433866303566448 4.787145911582592 4.781058746976156 4.593870247390419 18.00125678604032 14.031281563412682 32.708603777919535
796 8756 0.0021617565013111535 1 0 0.1442023216686198 0.003242714587753408 18.12192968569898 0.021823754482000923 1.155466587461273 0.012433866303566448 4.787145911582592 4.781058746976156 4.593870247390419 18.00125678604032 14.031281563412682 32.708603777919535
797 8767 0.0021220036663566724 1 0 1.0 1.0 1.0 1.0 1.0 1.0 1.0 1.0 1.0 1.0 1.0 1.0
798 8778 0.0020614732758988063 1 0 1.0 1.0 1.0 1.0 1.0 1.0 1.0 1.0 1.0 1.0 1.0 1.0
799 8789 0.0021511928431265192 1 0 1.0 1.0 1.0 1.0 1.0 1.0 1.0 1.0 1.0 1.0 1.0 1.0
800 8800 0.0022579363477971057 1 0 1.0 1.0 1.0 1.0 1.0 1.0 1.0 1.0 1.0 1.0 1.0 1.0
801 8811 0.00237397632073767 1 0 1.0 1.0 1.0 1.0 1.0 1.0 1.0 1.0 1.0 1.0 1.0 1.0
802 8822 0.0024800687681906007 1 0 1.0 1.0 1.0 1.0 1.0 1.0 1.0 1.0 1.0 1.0 1.0 1.0
803 8833 0.002642527767939355 1 0 1.0 1.0 1.0 1.0 1.0 1.0 1.0 1.0 1.0 1.0 1.0 1.0
804 8844 0.002558993552763189 1 0 1.0 1.0 1.0 1.0 1.0 1.0 1.0 1.0 1.0 1.0 1.0 1.0
805 8855 0.002428665167609025 1 0 1.0 1.0 1.0 1.0 1.0 1.0 1.0 1.0 1.0 1.0 1.0 1.0
806 8866 0.0024550456920369532 1 0 1.0 1.0 1.0 1.0 1.0 1.0 1.0 1.0 1.0 1.0 1.0 1.0
807 8877 0.002451169499363846 1 0 1.0 1.0 1.0 1.0 1.0 1.0 1.0 1.0 1.0 1.0 1.0 1.0
808 8888 0.0023458700721054296 1 0 1.0 1.0 1.0 1.0 1.0 1.0 1.0 1.0 1.0 1.0 1.0 1.0
809 8899 0.0021797825668772885 1 0 1.0 1.0 1.0 1.0 1.0 1.0 1.0 1.0 1.0 1.0 1.0 1.0
810 8910 0.0020227131428575437 1 0 1.0 1.0 1.0 1.0 1.0 1.0 1.0 1.0 1.0 1.0 1.0 1.0
811 8921 0.0019269845890091462 1 0 1.0 1.0 1.0 1.0 1.0 1.0 1.0 1.0 1.0 1.0 1.0 1.0
812 8932 0.0018466789120668073 1 0 1.0 1.0 1.0 1.0 1.0 1.0 1.0 1.0 1.0 1.0 1.0 1.0
813 8943 0.0017833806029130942 1 0 1.0 1.0 1.0 1.0 1.0 1.0 1.0 1.0 1.0 1.0 1.0 1.0
814 8954 0.00182381948335217 1 0 1.0 1.0 1.0 1.0 1.0 1.0 1.0 1.0 1.0 1.0 1.0 1.0
815 8965 0.0018199518896529182 1 0 1.0 1.0 1.0 1.0 1.0 1.0 1.0 1.0 1.0 1.0 1.0 1.0
816 8976 0.0017600765417688702 1 0 1.0 1.0 1.0 1.0 1.0 1.0 1.0 1.0 1.0 1.0 1.0 1.0
817 8987 0.0016359269972193843 1 0 1.0 1.0 1.0 1.0 1.0 1.0 1.0 1.0 1.0 1.0 1.0 1.0
818 8998 0.0016825078972773145 1 0 1.0 1.0 1.0 1.0 1.0 1.0 1.0 1.0 1.0 1.0 1.0 1.0
819 9009 0.0016689943326545983 1 0 1.0 1.0 1.0 1.0 1.0 1.0 1.0 1.0 1.0 1.0 1.0 1.0
820 9020 0.0016844127909151354 1 0 1.0 1.0 1.0 1.0 1.0 1.0 1.0 1.0 1.0 1.0 1.0 1.0
821 9031 0.0016901325242145988 1 0 1.0 1.0 1.0 1.0 1.0 1.0 1.0 1.0 1.0 1.0 1.0 1.0
822 9042 0.0016522261929279693 1 0 1.0 1.0 1.0 1.0 1.0 1.0 1.0 1.0 1.0 1.0 1.0 1.0
823 9053 0.0015571853314552703 1 0 1.0 1.0 1.0 1.0 1.0 1.0 1.0 1.0 1.0 1.0 1.0 1.0
824 9064 0.0014948355419751656 1 0 1.0 1.0 1.0 1.0 1.0 1.0 1.0 1.0 1.0 1.0 1.0 1.0
825 9075 0.0014107921887328936 1 0 1.0 1.0 1.0 1.0 1.0 1.0 1.0 1.0 1.0 1.0 1.0 1.0
826 9086 0.0013206952202465348 1 0 1.0 1.0 1.0 1.0 1.0 1.0 1.0 1.0 1.0 1.0 1.0 1.0
827 9097 0.0012341733521147433 1 0 1.0 1.0 1.0 1.0 1.0 1.0 1.0 1.0 1.0 1.0 1.0 1.0
828 9108 0.0011498788276425337 1 0 1.0 1.0 1.0 1.0 1.0 1.0 1.0 1.0 1.0 1.0 1.0 1.0
829 9119 0.001098774096122157 1 0 1.0 1.0 1.0 1.0 1.0 1.0 1.0 1.0 1.0 1.0 1.0 1.0
830 9130 0.0010894905976452918 1 0 1.0 1.0 1.0 1.0 1.0 1.0 1.0 1.0 1.0 1.0 1.0 1.0
831 9141 0.0010381485816800871 1 0 1.0 1.0 1.0 1.0 1.0 1.0 1.0 1.0 1.0 1.0 1.0 1.0
832 9152 0.0010859408703539366 1 0 1.0 1.0 1.0 1.0 1.0 1.0 1.0 1.0 1.0 1.0 1.0 1.0
833 9163 0.0010383153060267473 1 0 1.0 1.0 1.0 1.0 1.0 1.0 1.0 1.0 1.0 1.0 1.0 1.0
834 9174 0.0010040157441429387 1 0 1.0 1.0 1.0 1.0 1.0 1.0 1.0 1.0 1.0 1.0 1.0 1.0
835 9185 0.0009809392491803954 1 0 1.0 1.0 1.0 1.0 1.0 1.0 1.0 1.0 1.0 1.0 1.0 1.0
836 9196 0.001031482131475983 1 0 1.0 1.0 1.0 1.0 1.0 1.0 1.0 1.0 1.0 1.0 1.0 1.0
837 9207 0.0010502277970652566 1 0 1.0 1.0 1.0 1.0 1.0 1.0 1.0 1.0 1.0 1.0 1.0 1.0
838 9218 0.0010372514133748772 1 0 1.0 1.0 1.0 1.0 1.0 1.0 1.0 1.0 1.0 1.0 1.0 1.0
839 9229 0.0010529928644881525 1 0 1.0 1.0 1.0 1.0 1.0 1.0 1.0 1.0 1.0 1.0 1.0 1.0
840 9240 0.0010490264608150393 1 0 1.0 1.0 1.0 1.0 1.0 1.0 1.0 1.0 1.0 1.0 1.0 1.0
841 9251 0.0011319879706716222 1 0 1.0 1.0 1.0 1.0 1.0 1.0 1.0 1.0 1.0 1.0 1.0 1.0
842 9262 0.0011898054736127605 1 0 1.0 1.0 1.0 1.0 1.0 1.0 1.0 1.0 1.0 1.0 1.0 1.0
843 9273 0.0011343051323958033 1 0 1.0 1.0 1.0 1.0 1.0 1.0 1.0 1.0 1.0 1.0 1.0 1.0
844 9284 0.0010853371794500182 1 0 1.0 1.0 1.0 1.0 1.0 1.0 1.0 1.0 1.0 1.0 1.0 1.0
845 9295 0.001057339987400766 1 0 1.0 1.0 1.0 1.0 1.0 1.0 1.0 1.0 1.0 1.0 1.0 1.0
846 9306 0.00104351022424043 1 0 1.0 1.0 1.0 1.0 1.0 1.0 1.0 1.0 1.0 1.0 1.0 1.0
847 9317 0.0009383782896127789 1 0 1.0 1.0 1.0 1.0 1.0 1.0 1.0 1.0 1.0 1.0 1.0 1.0
848 9328 0.0008550845848702872 1 0 1.0 1.0 1.0 1.0 1.0 1.0 1.0 1.0 1.0 1.0 1.0 1.0
849 9339 0.0008337219621231962 1 0 1.0 1.0 1.0 1.0 1.0 1.0 1.0 1.0 1.0 1.0 1.0 1.0
850 9350 0.0008369337359309573 1 0 1.0 1.0 1.0 1.0 1.0 1.0 1.0 1.0 1.0 1.0 1.0 1.0
851 9361 0.0008431892032970501 1 0 1.0 1.0 1.0 1.0 1.0 1.0 1.0 1.0 1.0 1.0 1.0 1.0
852 9372 0.0009170704124790811 1 0 1.0 1.0 1.0 1.0 1.0 1.0 1.0 1.0 1.0 1.0 1.0 1.0
853 9383 0.0009280762635609474 1 0 1.0 1.0 1.0 1.0 1.0 1.0 1.0 1.0 1.0 1.0 1.0 1.0
854 9394 0.0008687975306345292 1 0 1.0 1.0 1.0 1.0 1.0 1.0 1.0 1.0 1.0 1.0 1.0 1.0
855 9405 0.0008183952101695252 1 0 1.0 1.0 1.0 1.0 1.0 1.0 1.0 1.0 1.0 1.0 1.0 1.0
856 9416 0.0008719295016598159 1 0 1.0 1.0 1.0 1.0 1.0 1.0 1.0 1.0 1.0 1.0 1.0 1.0
857 9427 0.0008475000380183337 1 0 1.0 1.0 1.0 1.0 1.0 1.0 1.0 1.0 1.0 1.0 1.0 1.0
858 9438 0.0007852658032060103 1 0 1.0 1.0 1.0 1.0 1.0 1.0 1.0 1.0 1.0 1.0 1.0 1.0
859 9449 0.000777478190923179 1 0 1.0 1.0 1.0 1.0 1.0 1.0 1.0 1.0 1.0 1.0 1.0 1.0
860 9460 0.0007346701780580546 1 0 1.0 1.0 1.0 1.0 1.0 1.0 1.0 1.0 1.0 1.0 1.0 1.0
861 9471 0.0006755736187401795 1 0 1.0 1.0 1.0 1.0 1.0 1.0 1.0 1.0 1.0 1.0 1.0 1.0
862 9482 0.0006270812870954029 1 0 1.0 1.0 1.0 1.0 1.0 1.0 1.0 1.0 1.0 1.0 1.0 1.0
863 9493 0.0005869611133392832 1 0 1.0 1.0 1.0 1.0 1.0 1.0 1.0 1.0 1.0 1.0 1.0 1.0
864 9504 0.0005464368386388179 1 0 1.0 1.0 1.0 1.0 1.0 1.0 1.0 1.0 1.0 1.0 1.0 1.0
865 9515 0.0005430345845112229 1 0 1.0 1.0 1.0 1.0 1.0 1.0 1.0 1.0 1.0 1.0 1.0 1.0
866 9526 0.0005324645014560563 1 0 1.0 1.0 1.0 1.0 1.0 1.0 1.0 1.0 1.0 1.0 1.0 1.0
867 9537 0.0005335910966622294 1 0 1.0 1.0 1.0 1.0 1.0 1.0 1.0 1.0 1.0 1.0 1.0 1.0
868 9548 0.00048058900890498305 1 0 1.0 1.0 1.0 1.0 1.0 1.0 1.0 1.0 1.0 1.0 1.0 1.0
869 9559 0.00045578870137382793 1 0 1.0 1.0 1.0 1.0 1.0 1.0 1.0 1.0 1.0 1.0 1.0 1.0
870 9570 0.00042460837858772035 1 0 1.0 1.0 1.0 1.0 1.0 1.0 1.0 1.0 1.0 1.0 1.0 1.0
871 9581 0.0004115362950712289 1 0 1.0 1.0 1.0 1.0 1.0 1.0 1.0 1.0 1.0 1.0 1.0 1.0
872 9592 0.0003811955464440876 1 0 1.0 1.0 1.0 1.0 1.0 1.0 1.0 1.0 1.0 1.0 1.0 1.0
873 9603 0.00036481936688835645 1 0 1.0 1.0 1.0 1.0 1.0 1.0 1.0 1.0 1.0 1.0 1.0 1.0
874 9614 0.000346775851345644 1 0 1.0 1.0 1.0 1.0 1.0 1.0 1.0 1.0 1.0 1.0 1.0 1.0
875 9625 0.0003597714203779649 1 0 1.0 1.0 1.0 1.0 1.0 1.0 1.0 1.0 1.0 1.0 1.0 1.0
876 9636 0.00035856426663012186 1 0 1.0 1.0 1.0 1.0 1.0 1.0 1.0 1.0 1.0 1.0 1.0 1.0
877 9647 0.00035425208288775416 1 0 1.0 1.0 1.0 1.0 1.0 1.0 1.0 1.0 1.0 1.0 1.0 1.0
878 9658 0.00034044001309433227 1 0 1.0 1.0 1.0 1.0 1.0 1.0 1.0 1.0 1.0 1.0 1.0 1.0
879 9669 0.0003329183828515175 1 0 1.0 1.0 1.0 1.0 1.0 1.0 1.0 1.0 1.0 1.0 1.0 1.0
880 9680 0.00033857715224782785 1 0 1.0 1.0 1.0 1.0 1.0 1.0 1.0 1.0 1.0 1.0 1.0 1.0
881 9691 0.00033763844765621556 1 0 1.0 1.0 1.0 1.0 1.0 1.0 1.0 1.0 1.0 1.0 1.0 1.0
882 9702 0.0003172681056480225 1 0 1.0 1.0 1.0 1.0 1.0 1.0 1.0 1.0 1.0 1.0 1.0 1.0
883 9713 0.0003106412912060999 1 0 1.0 1.0 1.0 1.0 1.0 1.0 1.0 1.0 1.0 1.0 1.0 1.0
884 9724 0.00029400189148496783 1 0 1.0 1.0 1.0 1.0 1.0 1.0 1.0 1.0 1.0 1.0 1.0 1.0
885 9735 0.000277922269848298 1 0 1.0 1.0 1.0 1.0 1.0 1.0 1.0 1.0 1.0 1.0 1.0 1.0
886 9746 0.0002661236642763194 1 0 1.0 1.0 1.0 1.0 1.0 1.0 1.0 1.0 1.0 1.0 1.0 1.0
887 9757 0.00025636445209921394 1 0 1.0 1.0 1.0 1.0 1.0 1.0 1.0 1.0 1.0 1.0 1.0 1.0
